6 4
6 5
7 5
7 4
8 4
6 1
6 1
5 1
7 3
7 3
6 3
6 3
6 3
3 3
3 3
2 2
2 2
2 2
5 2
5 2
6 2
6 2
6 1
5 2
5 2
5 2
5 2
3 1
3 1
3 1
3 1
4 1
4 1
7 4
7 4
7 4
7 4
7 4
7 4
7 4
7 4
7 4
7 4
7 4
7 4
7 4
7 4
7 4
7 4
7 4
7 4
7 4
7 4
7 4
7 4
7 4
7 4
7 4
7 4
7 4
7 4
7 4
7 4
7 4
7 4
7 4
7 4
2 4
2 5
2 5
1 5
1 5
1 3
2 3
3 3
4 2
4 2
2 2
1 2
1 2
1 2
1 1
1 1
1 1
2 1
2 2
2 3
2 4
2 4
6 4
6 4
6 4
6 4
5 5
7 5
7 5
7 3
6 3
5 3
3 3
3 3
3 4
3 4
3 4
2 4
2 4
2 4
7 1
7 1
7 2
7 2
7 2
5 3
5 3
5 3
4 3
4 3
4 2
4 1
4 1
5 1
5 2
5 2
5 2
6 2
6 1
6 1
7 1
7 1
7 2
6 4
8 2
8 3
8 3
8 3
8 2
8 2
8 2
7 2
6 1
7 1
7 2
5 1
4 1
3 1
3 1
3 1
3 2
3 2
3 2
3 2
4 2
4 2
4 3
4 4
4 5
4 5
4 5
5 5
5 5
5 5
5 4
5 4
6 4
6 4
6 4
6 5
6 5
6 5
7 4
7 4
8 3
4 4
4 4
4 4
5 3
5 2
5 1
5 1
5 1
6 1
6 1
6 2
6 4
7 4
6 5
5 5
3 5
1 5
1 3
2 1
1 1
3 3
3 3
1 4
1 4
1 4
3 2
3 3
3 3
3 3
4 3
4 3
4 4
4 5
4 5
2 4
3 3
2 3
2 3
2 3
4 3
4 3
4 3
4 3
4 3
5 3
6 3
6 3
6 2
6 2
4 2
4 1
4 1
2 3
2 3
2 3
2 3
20 15
20 15
20 14
20 14
21 14
21 14
20 13
20 14
19 13
20 14
20 14
20 15
20 15
20 14
17 13
16 13
16 12
16 12
16 13
16 13
15 13
15 13
15 14
15 14
15 14
15 13
15 14
19 22
18 22
18 20
20 20
20 19
20 19
20 19
21 19
21 17
21 16
21 15
21 15
20 16
20 16
18 16
17 16
17 16
15 17
15 16
14 16
13 16
13 16
13 16
13 17
13 18
13 18
14 18
14 18
21 18
18 19
18 18
18 20
19 20
19 20
20 20
20 20
20 20
20 20
21 19
21 20
22 21
21 21
19 21
18 21
17 21
17 21
17 21
17 22
17 22
16 22
17 22
17 22
17 22
18 22
18 22
18 22
19 22
19 23
19 23
18 23
18 23
18 25
16 26
15 25
15 25
15 25
16 25
16 23
15 22
15 22
13 22
13 22
13 24
14 25
14 25
13 23
13 23
13 22
12 21
12 21
12 23
13 23
14 23
17 24
15 22
16 22
16 22
17 22
19 16
19 19
19 19
19 19
20 19
21 19
20 22
20 21
20 21
4 13
4 14
3 8
3 8
3 9
3 9
3 9
2 9
2 9
2 9
2 8
1 8
3 9
3 9
22 21
22 21
21 21
22 22
22 22
23 21
23 21
23 21
23 22
23 22
23 20
23 20
24 20
24 20
21 20
21 20
21 20
21 19
21 19
22 19
22 19
22 19
22 19
22 19
20 16
20 16
20 16
6 16
2 18
2 19
2 19
2 19
2 19
2 20
2 20
2 20
3 20
3 19
3 19
4 19
4 19
4 19
4 20
4 22
3 22
4 23
4 23
4 23
4 23
4 23
4 23
4 24
4 24
4 24
4 25
4 25
3 26
3 26
3 26
2 26
2 26
2 27
3 27
3 27
4 27
4 28
9 9
9 10
9 9
9 9
10 10
10 10
10 10
10 10
10 10
10 10
10 10
10 10
10 10
10 10
10 10
8 10
8 10
8 9
8 9
7 9
5 9
5 9
5 8
5 9
6 8
8 8
9 8
9 8
9 8
9 8
9 8
9 7
9 7
9 7
10 7
10 7
10 7
10 10
10 9
10 10
10 9
10 9
10 10
10 10
10 10
11 11
12 11
13 11
14 11
14 11
14 10
14 10
15 10
15 10
15 11
15 13
13 13
12 13
12 13
12 13
12 12
12 12
12 12
12 13
12 13
10 12
10 12
9 14
9 14
9 13
8 13
8 13
